307020660814
307020660923
307020661022
307020661126
307020661216
307020661338
307020661418
307020661492
307020661671
307020661770
307020661860
307020661941
307020662009
307020662072
307020662110
307020662141
307020662193
307020662220
307020662250
307020662352
307020662420
307020662463
307020662519
307020662552
307020662613
307020662645
307020662667
307020662691
307020662733
307020662770
307020662801
307020662837
307020662914
307020662960
307020662998
307020663051
307020663078
307020663117
307020663172
307020663218
307020663276
307020663327
307020663404
307020663481
307020663558
307020770606
307020770834
307020770992
307020771105
307020771155
307020771381
307020771673
307020771951
307020772185
307020772233
307020772279
307020772426
307020772579
307020772688
307020772817
307020772939
307020772989
307020773056
307020773118
307020773281
307020773423
307020773540
307020773751
307020773863
307020774025
307020774177
307020774215
307020774293
307020774357
307020774561
307020774781
307020774954
307020775136
307020775342
307020775530
307020775602
307020775720
307020775883
307020776125
307020776397
307020776660
307020776909
307020777125
307020777148
307020777166
307020777269
307020777433
307020777626
307020777823
307020778023
307020778193
307020778399
307020778495
307020778552
307020778593
307020778773
307020778930
307020779132
307020779332
307020779550
307020779717
307020779831
307020779902
307020780090
307020780182
307020780394
307020780661
307020780973
307020781144
307020781274
307020781339
307020781398
307020781624
307020781806
307020781951
307020782107
307020782252
307020782386
307020782504
307020782662
307020782938
307020783140
307020783359
307020783525
307020783674
307020783907
307020784155
307020784270
307020784362
307020784538
307020784856
307020785077
307020785245
307020785391
307020785582
307020785794
307020785946
307020786072
307020786333
307020786481
307020786700
307020786878
307020787012
307020787674
307020787886
307020788038
307020788195
307021547707
307021547743
307021547757
307021547767
307021547780
307021547822
307021547849
307021547868
307021547893
307021547917
307021547956
307021547982
307021548002
307021548044
307021548091
307021548135
307021548142
307021548159
307021548200
307021548206
307021548238
307021548385
307021548472
307021548526
307021548547
307021548573
307021548592
307021548612
307021548634
307021548648
307021548687
307021548702
307021548726
307021548748
307021548789
307021548803
307021548824
307021548917
307021549067
307021549191
307021549380
307021549572
307021549729
307021549749
307021549756
307021549781
307021549805
307021549825
307021549839
307021549859
307021549877
307021549890
307021549896
307021549918
